0.4315000057220459,
0.4315000057220459,
0.4315000057220459,
0.4315000057220459,
0.4315000057220459,
0.39100000262260437,
0.39100000262260437,
0.39100000262260437,
0.39100000262260437,
0.39100000262260437,
0.39100000262260437,
0.39100000262260437,
0.39100000262260437,
0.39100000262260437,
0.39100000262260437,
0.39100000262260437,
0.39100000262260437,
0.39100000262260437,
0.39100000262260437,
0.39100000262260437,
0.39100000262260437,
0.39100000262260437,
0.39100000262260437,
0.39100000262260437,
0.39100000262260437,
0.39100000262260437,
